                    timestamp     open      high       low    close  \
0   2023-02-14 05:00:00+00:00  152.120  153.7700  150.8600  153.200   
1   2023-02-15 05:00:00+00:00  153.110  155.5000  152.8800  155.330   
2   2023-02-16 05:00:00+00:00  153.510  156.3300  153.3475  153.710   
3   2023-02-17 05:00:00+00:00  152.350  153.0000  150.8500  152.550   
4   2023-02-21 05:00:00+00:00  150.200  151.3000  148.4050  148.480   
5   2023-02-22 05:00:00+00:00  148.870  149.9500  147.1600  148.910   
6   2023-02-23 05:00:00+00:00  150.090  150.3400  147.2400  149.400   
7   2023-02-24 05:00:00+00:00  147.110  147.1900  145.7202  146.710   
8   2023-02-27 05:00:00+00:00  147.710  149.1700  147.4500  147.920   
9   2023-02-28 05:00:00+00:00  147.050  149.0800  146.8300  147.410   
10  2023-03-01 05:00:00+00:00  146.830  147.2285  145.0100  145.310   
11  2023-03-02 05:00:00+00:00  144.380  146.7100  143.9000  145.910   
12  2023-03-03 05:00:00+00:00  148.045  151.1100  147.3300  151.030   
13  2023-03-06 05:00:00+00:00  153.785  156.3000  153.4600  153.830   
14  2023-03-07 05:00:00+00:00  153.700  154.0299  151.1300  151.600   
15  2023-03-08 05:00:00+00:00  152.810  153.4700  151.8300  152.870   
16  2023-03-09 05:00:00+00:00  153.559  154.5350  150.2250  150.590   
17  2023-03-10 05:00:00+00:00  150.210  150.9400  147.6096  148.500   
18  2023-03-13 04:00:00+00:00  147.805  153.1400  147.7000  150.470   
19  2023-03-14 04:00:00+00:00  151.280  153.4000  150.1000  152.590   
20  2023-03-15 04:00:00+00:00  151.190  153.2450  149.9200  152.990   
21  2023-03-16 04:00:00+00:00  152.160  156.4600  151.6400  155.850   
22  2023-03-17 04:00:00+00:00  156.080  156.7400  154.2800  155.000   
23  2023-03-20 04:00:00+00:00  155.070  157.8200  154.1500  157.400   
24  2023-03-21 04:00:00+00:00  157.320  159.4000  156.5400  159.280   
25  2023-03-22 04:00:00+00:00  159.300  162.1400  157.8100  157.830   
26  2023-03-23 04:00:00+00:00  158.830  161.5501  157.6800  158.930   
27  2023-03-24 04:00:00+00:00  158.860  160.3400  157.8500  160.250   
28  2023-03-27 04:00:00+00:00  159.940  160.7700  157.8700  158.280   
29  2023-03-28 04:00:00+00:00  157.970  158.4900  155.9800  157.650   
30  2023-03-29 04:00:00+00:00  159.370  161.0500  159.3500  160.770   
31  2023-03-30 04:00:00+00:00  161.530  162.4700  161.2710  162.360   
32  2023-03-31 04:00:00+00:00  162.440  165.0000  161.9100  164.900   
33  2023-04-03 04:00:00+00:00  164.270  166.2900  164.2200  166.170   
34  2023-04-04 04:00:00+00:00  166.595  166.8400  165.1100  165.630   
35  2023-04-05 04:00:00+00:00  164.740  165.0500  161.8000  163.760   
36  2023-04-06 04:00:00+00:00  162.430  164.9584  162.0000  164.660   
37  2023-04-10 04:00:00+00:00  161.420  162.0300  160.0800  162.030   
38  2023-04-11 04:00:00+00:00  162.350  162.3600  160.5100  160.800   
39  2023-04-12 04:00:00+00:00  161.220  162.0600  159.7800  160.100   
40  2023-04-13 04:00:00+00:00  161.630  165.8000  161.4200  165.560   
41  2023-04-14 04:00:00+00:00  164.590  166.3200  163.8200  165.210   
42  2023-04-17 04:00:00+00:00  165.090  165.3900  164.0300  165.230   
43  2023-04-18 04:00:00+00:00  166.100  167.4100  165.6500  166.470   
44  2023-04-19 04:00:00+00:00  165.800  168.1600  165.5400  167.630   
45  2023-04-20 04:00:00+00:00  166.090  167.8700  165.5600  166.650   
46  2023-04-21 04:00:00+00:00  165.050  166.4521  164.4900  165.020   
47  2023-04-24 04:00:00+00:00  165.000  165.6000  163.8900  165.330   
48  2023-04-25 04:00:00+00:00  165.190  166.3050  163.7300  163.770   
49  2023-04-26 04:00:00+00:00  163.055  165.2800  162.8000  163.760   
50  2023-04-27 04:00:00+00:00  165.190  168.5600  165.1900  168.410   
51  2023-04-28 04:00:00+00:00  168.490  169.8500  167.8801  169.680   
52  2023-05-01 04:00:00+00:00  169.280  170.4500  168.6400  169.590   
53  2023-05-02 04:00:00+00:00  170.090  170.3500  167.5400  168.540   
54  2023-05-03 04:00:00+00:00  169.500  170.9200  167.1600  167.450   
55  2023-05-04 04:00:00+00:00  164.890  167.0400  164.3100  165.790   
56  2023-05-05 04:00:00+00:00  170.975  174.3000  170.7600  173.570   
57  2023-05-08 04:00:00+00:00  172.480  173.8500  172.1100  173.500   
58  2023-05-09 04:00:00+00:00  173.050  173.5400  171.6000  171.770   
59  2023-05-10 04:00:00+00:00  173.020  174.0300  171.9000  173.555   
60  2023-05-11 04:00:00+00:00  173.850  174.5900  172.1700  173.750   
61  2023-05-12 04:00:00+00:00  173.620  174.0600  171.0000  172.570   
62  2023-05-15 04:00:00+00:00  173.160  173.2100  171.4700  172.070   
63  2023-05-16 04:00:00+00:00  171.990  173.1383  171.7991  172.070   
64  2023-05-17 04:00:00+00:00  171.710  172.9250  170.4201  172.690   
65  2023-05-18 04:00:00+00:00  173.000  175.2400  172.5800  175.050   
66  2023-05-19 04:00:00+00:00  176.390  176.3900  174.9400  175.160   
67  2023-05-22 04:00:00+00:00  173.980  174.7100  173.4500  174.200   
68  2023-05-23 04:00:00+00:00  173.130  173.3794  171.2750  171.560   
69  2023-05-24 04:00:00+00:00  171.090  172.4183  170.5200  171.840   
70  2023-05-25 04:00:00+00:00  172.410  173.8950  171.6900  172.990   
71  2023-05-26 04:00:00+00:00  173.320  175.7700  173.1100  175.430   
72  2023-05-30 04:00:00+00:00  176.960  178.9900  176.5700  177.300   
73  2023-05-31 04:00:00+00:00  177.325  179.3500  176.7600  177.250   
74  2023-06-01 04:00:00+00:00  177.700  180.1200  176.9306  180.090   
75  2023-06-02 04:00:00+00:00  181.030  181.7800  179.2600  180.950   
76  2023-06-05 04:00:00+00:00  182.630  184.9510  178.0350  179.580   
77  2023-06-06 04:00:00+00:00  179.965  180.1200  177.4300  179.210   
78  2023-06-07 04:00:00+00:00  178.440  181.2100  177.3200  177.820   
79  2023-06-08 04:00:00+00:00  177.895  180.8400  177.4600  180.570   
80  2023-06-09 04:00:00+00:00  181.500  182.2300  180.6300  180.960   
81  2023-06-12 04:00:00+00:00  181.270  183.8900  180.9700  183.790   
82  2023-06-13 04:00:00+00:00  182.800  184.1500  182.4400  183.310   
83  2023-06-14 04:00:00+00:00  183.370  184.3900  182.0200  183.950   
84  2023-06-15 04:00:00+00:00  183.960  186.5200  183.7800  186.010   
85  2023-06-16 04:00:00+00:00  186.730  186.9900  184.2700  184.920   
86  2023-06-20 04:00:00+00:00  184.410  186.1000  184.4100  185.010   
87  2023-06-21 04:00:00+00:00  184.900  185.4100  182.5901  183.960   
88  2023-06-22 04:00:00+00:00  183.740  187.0450  183.6700  187.000   
89  2023-06-23 04:00:00+00:00  185.550  187.5600  185.0100  186.680   
90  2023-06-26 04:00:00+00:00  186.830  188.0500  185.2300  185.270   
91  2023-06-27 04:00:00+00:00  185.890  188.3900  185.6700  188.060   
92  2023-06-28 04:00:00+00:00  187.930  189.9000  187.6000  189.250   
93  2023-06-29 04:00:00+00:00  189.080  190.0700  188.9400  189.590   
94  2023-06-30 04:00:00+00:00  191.630  194.4800  191.2600  193.970   
95  2023-07-03 04:00:00+00:00  193.780  193.8800  191.7600  192.460   
96  2023-07-05 04:00:00+00:00  191.565  192.9800  190.6200  191.330   
97  2023-07-06 04:00:00+00:00  189.840  192.0200  189.2000  191.810   
98  2023-07-07 04:00:00+00:00  191.410  192.6700  190.2400  190.680   
99  2023-07-10 04:00:00+00:00  189.260  189.9900  187.0350  188.610   
100 2023-07-11 04:00:00+00:00  189.160  189.3000  186.6000  188.080   
101 2023-07-12 04:00:00+00:00  189.680  191.7000  188.4700  189.770   
102 2023-07-13 04:00:00+00:00  190.500  191.1900  189.7800  190.540   
103 2023-07-14 04:00:00+00:00  190.230  191.1799  189.6300  190.690   
104 2023-07-17 04:00:00+00:00  191.900  194.3200  191.8100  193.990   
105 2023-07-18 04:00:00+00:00  193.350  194.3300  192.4150  193.730   
106 2023-07-19 04:00:00+00:00  193.100  198.2300  192.6500  195.100   
107 2023-07-20 04:00:00+00:00  195.090  196.4700  192.4950  193.130   
108 2023-07-21 04:00:00+00:00  194.100  194.9700  191.2300  191.940   
109 2023-07-24 04:00:00+00:00  193.410  194.9100  192.2500  192.750   
110 2023-07-25 04:00:00+00:00  193.330  194.4400  192.9150  193.620   
111 2023-07-26 04:00:00+00:00  193.670  195.6400  193.3200  194.500   
112 2023-07-27 04:00:00+00:00  196.020  197.2000  192.5500  193.220   
113 2023-07-28 04:00:00+00:00  194.670  196.6260  194.1400  195.830   
114 2023-07-31 04:00:00+00:00  196.060  196.4900  195.2600  196.450   

          volume  Bollinger_High  Bollinger_Med  Bollinger_Low         SMA  
0     68556962.0             NaN            NaN            NaN         NaN  
1     70612239.0             NaN            NaN            NaN         NaN  
2     74955617.0             NaN            NaN            NaN         NaN  
3     66293371.0             NaN            NaN            NaN         NaN  
4     68102432.0             NaN            NaN            NaN         NaN  
5     57571342.0             NaN            NaN            NaN         NaN  
6     53439807.0             NaN            NaN            NaN         NaN  
7     62617932.0             NaN            NaN            NaN         NaN  
8     50247854.0             NaN            NaN            NaN         NaN  
9     61519861.0             NaN            NaN            NaN         NaN  
10    62350999.0             NaN            NaN            NaN         NaN  
11    60242324.0             NaN            NaN            NaN         NaN  
12    79744478.0             NaN            NaN            NaN         NaN  
13    93957314.0             NaN            NaN            NaN  149.978571  
14    61332251.0             NaN            NaN            NaN  149.864286  
15    51205963.0             NaN            NaN            NaN  149.688571  
16    59821351.0             NaN            NaN            NaN  149.465714  
17    75469048.0             NaN            NaN            NaN  149.176429  
18    90585023.0             NaN            NaN            NaN  149.318571  
19    84532172.0      155.926944      150.31600     144.705056  149.581429  
20    85708822.0      155.895564      150.30550     144.715436  149.837857  
21    84454434.0      156.018792      150.33150     144.644208  150.490714  
22   131114857.0      156.261558      150.39600     144.530442  150.996429  
23    85439528.0      157.199964      150.63850     144.077036  151.710000  
24    87819428.0      158.654441      151.17850     143.702559  152.707857  
25    80427254.0      159.556290      151.62450     143.692710  153.559286  
26    75089334.0      160.567964      152.10100     143.634036  154.123571  
27    65530530.0      161.571453      152.77800     143.984547  154.582143  
28    58214330.0      162.104286      153.29600     144.487714  155.059286  
29    50372968.0      162.375367      153.80800     145.240633  155.400714  
30    57532705.0      162.721046      154.58100     146.440954  156.127857  
31    53823579.0      163.189362      155.40350     147.617638  157.117857  
32    69191490.0      164.635565      156.09700     147.558435  158.148571  
33    62027954.0      166.235005      156.71400     147.192995  159.118571  
34    52036268.0      167.382924      157.41550     147.448076  160.021429  
35    56567368.0      168.063556      157.96000     147.856444  160.586429  
36    50780869.0      168.573939      158.66350     148.753061  161.276429  
37    51829429.0      168.171394      159.34000     150.508606  161.607143  
38    51774289.0      167.706173      159.85650     152.006827  161.715714  
39    50706904.0      167.338675      160.23200     153.125325  161.877857  
40    76953623.0      167.502260      160.86050     154.218740  162.351429  
41    54918972.0      167.809201      161.32850     154.847799  162.705714  
42    45769525.0      167.838943      161.84000     155.841057  163.202143  
43    55909701.0      168.252471      162.29350     156.334529  163.832143  
44    48158687.0      168.931250      162.71100     156.490750  164.322143  
45    53020864.0      169.172955      163.15200     157.131045  164.628571  
46    65307211.0      169.202268      163.45650     157.710732  164.637143  
47    45338131.0      169.314200      163.71050     158.106800  164.577143  
48    48714063.0      169.005229      163.98500     158.964771  164.444286  
49    50920364.0      168.390873      164.29050     160.190127  164.444286  
50    76052617.0      168.813108      164.67250     160.531892  164.712143  
51    63093372.0      169.572184      165.03850     160.504816  165.258571  
52    56437122.0      170.220092      165.27300     160.325908  165.886429  
53    48897270.0      170.528745      165.39150     160.254255  166.489286  
54    70732642.0      170.697313      165.48250     160.267687  166.624286  
55    81791781.0      170.739441      165.58400     160.428559  166.665714  
56   114073502.0      172.223786      166.02950     159.835214  167.261429  
57    61353610.0      173.312400      166.60300     159.893600  167.763571  
58    50729673.0      173.664353      167.15150     160.638647  168.059286  
59    53724501.0      174.058279      167.82425     161.590221  168.552500  
60    50011672.0      174.881298      168.23375     161.586202  169.176071  
61    50612841.0      175.353060      168.60175     161.850440  169.693214  
62    41718475.0      175.670142      168.94375     162.217358  170.286071  
63    45676613.0      175.981083      169.22375     162.466417  170.879643  
64    65903562.0      176.354285      169.47675     162.599215  171.185357  
65    66091664.0      177.052797      169.89675     162.740703  171.568929  
66    58044146.0      177.542702      170.40375     163.264798  171.966786  
67    44146775.0      177.769069      170.84725     163.925431  172.371071  
68    56405720.0      177.351392      171.23675     165.122108  172.664643  
69    45740665.0      176.703200      171.64075     166.578300  173.096786  
70    64475787.0      176.737520      171.86975     167.001980  173.055357  
71    62620662.0      177.151310      172.15725     167.163190  173.193214  
72    63293297.0      177.864180      172.54275     167.221320  173.588214  
73    99625288.0      178.343528      172.97825     167.612972  173.852143  
74    76857581.0      179.195194      173.61025     168.025306  174.305000  
75    76294033.0      179.606234      174.36825     169.130266  174.903571  
76   121969015.0      180.359119      174.66875     168.978381  175.440000  
77    64841762.0      180.946383      174.95425     168.962117  175.950000  
78    69732161.0      181.185851      175.25675     169.327649  176.316429  
79    50221611.0      181.910600      175.60750     169.304400  176.710714  
80    48890039.0      182.619994      175.96800     169.316006  177.125000  
81    54796150.0      183.803448      176.52900     169.254552  177.810000  
82    54967369.0      184.632490      177.09100     169.549510  178.649286  
83    57451443.0      185.419974      177.68500     169.950026  179.514286  
84    65417713.0      186.531875      178.35100     170.170125  180.444286  
85   101239104.0      187.353529      178.84450     170.335471  181.122143  
86    49801726.0      188.073185      179.33700     170.600815  181.672857  
87    49505417.0      188.448516      179.82500     171.201484  182.152143  
88    51248267.0      188.880427      180.59700     172.313573  182.645714  
89    53194896.0      188.985991      181.33900     173.692009  183.055000  
90    48099269.0      188.744015      181.95300     175.161985  183.461429  
91    50745529.0      189.177822      182.58450     175.991178  184.093571  
92    51225939.0      189.915830      183.18200     176.448170  184.910000  
93    46347309.0      190.506941      183.79900     177.091059  185.554286  
94    83782058.0      192.303790      184.49300     176.682210  186.483571  
95    31357392.0      193.427190      185.06850     176.709810  187.102857  
96    46921907.0      194.040725      185.65600     177.271275  187.675714  
97    45172292.0      194.531009      186.28600     178.040991  188.237143  
98    46814999.0      194.402500      186.92900     179.455500  188.570714  
99    59925144.0      194.236400      187.33100     180.425600  188.834286  
100   46646096.0      193.945745      187.68700     181.428255  189.053571  
101   60757160.0      194.039490      187.98600     181.932510  189.468571  
102   41348909.0      194.096726      188.34750     182.598274  189.721429  
103   41622330.0      194.146110      188.68450     183.222890  190.007857  
104   50546738.0      194.862034      189.08350     183.304966  190.630714  
105   48357948.0      195.309010      189.52400     183.738990  191.035714  
106   80534721.0      195.909943      190.02850     184.147057  191.453571  
107   59597695.0      195.807621      190.48700     185.166379  191.706429  
108   71957084.0      195.838447      190.73400     185.629553  191.561429  
109   45538581.0      195.855466      191.03750     186.219534  191.582143  
110   37339808.0      195.601881      191.45500     187.308119  191.745714  
111   47506279.0      195.818174      191.77700     187.735826  191.937857  
112   47465977.0      195.888655      191.97550     188.062345  192.119286  
113   48291445.0      196.380997      192.28750     188.194003  192.635000  
114   45241255.0      196.838048      192.41150     187.984952  193.232857  
